[DEFAULT]
fontsize = 14
colorr = 0.4
colorg = 0.6
colorb = 1
wallpaper = 

[USER]
fontsize = 16
colorr = 0.8980392156862745
colorg = 1.0
colorb = 0.9215686274509803
wallpaper = picture\สุนทรภู่.jpg