[DEFAULT]
fontsize = 10
colorr = 0.4
colorg = 0.6
colorb = 1

[USER]
fontsize = 16
colorr = 0.396078431372549
colorg = 0.5490196078431373
colorb = 1.0

